H[(1, 1)][(1, 1)] | H[(1, 1)][(2, 1)] | H[(1, 1)][(3, 1)] | H[(1, 1)][(1, 2)] | H[(1, 1)][(2, 2)] | H[(1, 1)][(3, 2)] | H[(1, 1)][(1, 3)] | H[(1, 1)][(2, 3)] | H[(1, 1)][(3, 3)] | H[(1, 1)][(1, 4)] | H[(1, 1)][(2, 4)] | H[(1, 1)][(3, 4)] | 
H[(2, 1)][(1, 1)] | H[(2, 1)][(2, 1)] | H[(2, 1)][(3, 1)] | H[(2, 1)][(1, 2)] | H[(2, 1)][(2, 2)] | H[(2, 1)][(3, 2)] | H[(2, 1)][(1, 3)] | H[(2, 1)][(2, 3)] | H[(2, 1)][(3, 3)] | H[(2, 1)][(1, 4)] | H[(2, 1)][(2, 4)] | H[(2, 1)][(3, 4)] | 
H[(3, 1)][(1, 1)] | H[(3, 1)][(2, 1)] | H[(3, 1)][(3, 1)] | H[(3, 1)][(1, 2)] | H[(3, 1)][(2, 2)] | H[(3, 1)][(3, 2)] | H[(3, 1)][(1, 3)] | H[(3, 1)][(2, 3)] | H[(3, 1)][(3, 3)] | H[(3, 1)][(1, 4)] | H[(3, 1)][(2, 4)] | H[(3, 1)][(3, 4)] | 
H[(1, 2)][(1, 1)] | H[(1, 2)][(2, 1)] | H[(1, 2)][(3, 1)] | H[(1, 2)][(1, 2)] | H[(1, 2)][(2, 2)] | H[(1, 2)][(3, 2)] | H[(1, 2)][(1, 3)] | H[(1, 2)][(2, 3)] | H[(1, 2)][(3, 3)] | H[(1, 2)][(1, 4)] | H[(1, 2)][(2, 4)] | H[(1, 2)][(3, 4)] | 
H[(2, 2)][(1, 1)] | H[(2, 2)][(2, 1)] | H[(2, 2)][(3, 1)] | H[(2, 2)][(1, 2)] | H[(2, 2)][(2, 2)] | H[(2, 2)][(3, 2)] | H[(2, 2)][(1, 3)] | H[(2, 2)][(2, 3)] | H[(2, 2)][(3, 3)] | H[(2, 2)][(1, 4)] | H[(2, 2)][(2, 4)] | H[(2, 2)][(3, 4)] | 
H[(3, 2)][(1, 1)] | H[(3, 2)][(2, 1)] | H[(3, 2)][(3, 1)] | H[(3, 2)][(1, 2)] | H[(3, 2)][(2, 2)] | H[(3, 2)][(3, 2)] | H[(3, 2)][(1, 3)] | H[(3, 2)][(2, 3)] | H[(3, 2)][(3, 3)] | H[(3, 2)][(1, 4)] | H[(3, 2)][(2, 4)] | H[(3, 2)][(3, 4)] | 
H[(1, 3)][(1, 1)] | H[(1, 3)][(2, 1)] | H[(1, 3)][(3, 1)] | H[(1, 3)][(1, 2)] | H[(1, 3)][(2, 2)] | H[(1, 3)][(3, 2)] | H[(1, 3)][(1, 3)] | H[(1, 3)][(2, 3)] | H[(1, 3)][(3, 3)] | H[(1, 3)][(1, 4)] | H[(1, 3)][(2, 4)] | H[(1, 3)][(3, 4)] | 
H[(2, 3)][(1, 1)] | H[(2, 3)][(2, 1)] | H[(2, 3)][(3, 1)] | H[(2, 3)][(1, 2)] | H[(2, 3)][(2, 2)] | H[(2, 3)][(3, 2)] | H[(2, 3)][(1, 3)] | H[(2, 3)][(2, 3)] | H[(2, 3)][(3, 3)] | H[(2, 3)][(1, 4)] | H[(2, 3)][(2, 4)] | H[(2, 3)][(3, 4)] | 
H[(3, 3)][(1, 1)] | H[(3, 3)][(2, 1)] | H[(3, 3)][(3, 1)] | H[(3, 3)][(1, 2)] | H[(3, 3)][(2, 2)] | H[(3, 3)][(3, 2)] | H[(3, 3)][(1, 3)] | H[(3, 3)][(2, 3)] | H[(3, 3)][(3, 3)] | H[(3, 3)][(1, 4)] | H[(3, 3)][(2, 4)] | H[(3, 3)][(3, 4)] | 
H[(1, 4)][(1, 1)] | H[(1, 4)][(2, 1)] | H[(1, 4)][(3, 1)] | H[(1, 4)][(1, 2)] | H[(1, 4)][(2, 2)] | H[(1, 4)][(3, 2)] | H[(1, 4)][(1, 3)] | H[(1, 4)][(2, 3)] | H[(1, 4)][(3, 3)] | H[(1, 4)][(1, 4)] | H[(1, 4)][(2, 4)] | H[(1, 4)][(3, 4)] | 
H[(2, 4)][(1, 1)] | H[(2, 4)][(2, 1)] | H[(2, 4)][(3, 1)] | H[(2, 4)][(1, 2)] | H[(2, 4)][(2, 2)] | H[(2, 4)][(3, 2)] | H[(2, 4)][(1, 3)] | H[(2, 4)][(2, 3)] | H[(2, 4)][(3, 3)] | H[(2, 4)][(1, 4)] | H[(2, 4)][(2, 4)] | H[(2, 4)][(3, 4)] | 
H[(3, 4)][(1, 1)] | H[(3, 4)][(2, 1)] | H[(3, 4)][(3, 1)] | H[(3, 4)][(1, 2)] | H[(3, 4)][(2, 2)] | H[(3, 4)][(3, 2)] | H[(3, 4)][(1, 3)] | H[(3, 4)][(2, 3)] | H[(3, 4)][(3, 3)] | H[(3, 4)][(1, 4)] | H[(3, 4)][(2, 4)] | H[(3, 4)][(3, 4)] | 
